Shubi,Maseko,shubbi@mseleku.com,Male,18-29,slfjlsdfj,password
